[mapsize]
29 39
[maplocdata]
1 2 3 2 1 3 2 1 3 1 3 2 1 3 1 2 3 1 2 3 1 2 1 3 1 3 1 2 3 1 2 3 1 2 1 2 3 1 3 1
3 2 1 3 2 1 3 1 3 2 1 3 1 2 3 1 2 3 1 2 1 3 1 3 1 2 3 1 2 3 1 2 1 2 3 1 3 1 2 1
2 3 2 1 3 2 1 3 1 3 2 1 3 1 2 3 1 2 3 1 2 1 3 1 3 1 2 3 1 2 3 1 2 1 2 3 1 3 1 2
1 2 3 2 1 3 2 1 3 1 3 2 1 3 1 2 3 1 2 3 1 2 1 3 1 3 1 2 3 1 2 3 1 2 1 2 3 1 3 1
3 2 1 3 1 3 2 1 3 1 2 3 1 2 3 1 2 1 3 1 3 1 2 3 1 2 3 1 2 1 2 3 1 3 1 1 2 3 3 1
1 2 3 2 1 3 2 1 3 1 3 2 1 3 1 2 3 1 2 3 1 2 1 3 1 3 1 2 3 1 2 3 1 2 1 2 3 1 3 1
3 1 2 3 1 2 1 3 1 3 1 2 3 1 2 3 1 2 1 2 3 1 3 1 1 2 3 2 1 3 2 1 3 1 3 2 1 3 1 2
1 2 3 2 1 3 2 1 3 1 3 2 1 3 1 2 3 1 2 3 1 2 1 3 1 3 1 2 3 1 2 3 1 2 1 2 3 1 3 1
3 2 1 3 2 1 3 1 3 2 1 3 1 2 3 1 2 3 1 2 1 3 1 3 1 2 3 1 2 3 1 2 1 2 3 1 3 1 2 1
2 3 2 1 3 2 1 3 1 3 2 1 3 1 2 3 1 2 28 1 2 1 3 1 3 1 2 3 1 2 3 1 2 1 2 3 1 3 1 2
1 2 3 2 1 3 2 1 3 1 3 2 1 3 1 2 3 1 53 3 1 2 1 3 1 3 1 2 3 1 2 3 1 2 1 2 3 1 3 1 
3 2 1 3 1 3 2 1 3 1 2 3 1 2 3 1 2 1 53 1 3 1 2 3 1 2 3 1 2 1 2 3 1 3 1 1 2 3 3 1
1 2 3 2 1 3 2 1 3 1 3 2 1 3 1 2 3 1 53 3 1 2 1 3 1 3 1 2 3 1 2 3 1 2 1 2 3 1 3 1
3 1 2 3 1 2 1 3 1 3 1 2 3 1 2 3 1 2 53 2 3 1 3 1 1 2 3 2 1 3 2 1 3 1 3 2 1 3 1 2
1 2 1 2 3 1 2 3 1 3 1 2 3 1 3 1 3 1 151 152 152 152 152 152 106 1 3 2 1 3 2 1 3 1 2 3 1 3 1 2
1 2 3 2 1 3 2 1 3 1 3 2 1 3 1 2 3 1 2 3 1 2 1 3 1 3 1 2 3 1 2 3 1 2 1 2 3 1 3 1
3 2 1 3 1 3 2 1 3 1 2 3 1 2 3 1 2 1 3 1 3 1 2 3 1 2 3 1 2 1 2 3 1 3 1 1 2 3 3 1
1 2 3 2 1 3 2 1 3 1 3 2 1 3 1 2 3 1 2 3 1 2 1 3 1 3 1 2 3 1 2 3 1 2 1 2 3 1 3 1
3 1 2 3 1 2 1 3 1 3 1 2 3 1 2 3 1 2 1 2 3 1 3 1 1 2 3 2 1 3 2 1 3 1 3 2 1 3 1 2
3 2 1 3 2 1 3 1 3 2 28 3 1 2 3 1 2 3 1 2 1 3 1 3 1 2 3 1 2 3 1 2 1 2 3 1 3 1 2 1
1 2 3 2 1 3 2 1 3 1 53 2 1 3 1 2 3 1 2 3 1 2 1 3 1 3 1 2 3 1 2 3 1 2 1 2 3 1 3 1
3 2 1 3 2 1 3 1 3 2 53 3 1 2 3 1 2 3 1 2 1 3 1 3 1 2 3 1 2 3 1 2 1 2 3 1 3 1 2 1
2 3 2 1 3 2 1 3 1 3 53 1 3 1 2 3 1 2 3 1 2 1 3 1 3 1 2 3 1 2 3 1 2 1 2 3 1 3 1 2
1 2 3 2 1 3 2 1 3 1 53 2 1 3 1 2 3 1 2 3 1 2 1 3 1 3 1 2 3 1 2 3 1 2 1 2 3 1 3 1
3 2 1 3 1 3 2 1 3 1 53 3 1 2 3 1 2 1 3 1 3 1 2 3 1 2 3 1 2 1 2 3 1 3 1 1 2 3 3 1
1 2 3 2 1 3 2 1 3 1 53 2 1 3 1 2 3 1 2 3 1 2 1 3 1 3 1 2 3 1 2 3 1 2 1 2 3 1 3 1
1 2 3 2 1 3 2 1 3 1 53 2 1 3 1 2 3 1 2 3 1 2 1 3 1 3 1 2 3 1 2 3 1 2 1 2 3 1 3 1
3 2 1 3 2 1 3 1 3 2 53 3 1 2 3 1 2 3 1 2 1 3 1 3 1 2 3 1 2 3 1 2 1 2 3 1 3 1 2 1
2 3 2 1 3 2 1 3 1 3 53 1 3 1 2 3 1 2 3 1 2 1 3 1 3 1 2 3 1 2 3 1 2 1 2 3 1 3 1 2
1 3 2 1 3 1 3 1 3 2 53 2 3 1 2 3 1 2 1 3 1 3 1 2 3 1 2 3 1 2 1 2 3 1 3 1 2 2 3 1